$ 1 0.000005 10.20027730826997 57 5 50 5e-11
g 96 256 96 304 0 0
w 192 208 192 256 0
a 192 192 336 192 9 15 -15 1000000 3.099900803174299 3.1000000000000005 100000
w 336 192 336 256 0
r 192 256 336 256 0 220000
r 96 256 192 256 0 100000
w 192 112 192 176 0
R 96 112 48 112 0 0 40 3.1 0 0 0.5
r 96 112 192 112 0 1000
r 336 192 384 192 0 1000
O 384 192 432 192 1 0
r 336 256 336 320 0 1000
d 336 320 336 384 2 default
g 336 384 336 400 0 0
209 192 176 96 176 0 1.0000000000000001e-7 3.1000000000000005 1 1
w 96 176 96 256 0
